%YAML:1.0
---
type: IMU
name: "16448"
Gyr:
   unit: " rad/s"
   avg-axis:
      gyr_n: 2.8851885453467061e-03
      gyr_w: 3.0639709624135159e-05
   x-axis:
      gyr_n: 3.6806968082877308e-03
      gyr_w: 4.7157402991064573e-05
   y-axis:
      gyr_n: 3.3074486920622384e-03
      gyr_w: 2.2978607798053355e-05
   z-axis:
      gyr_n: 1.6674201356901494e-03
      gyr_w: 2.1783118083287548e-05
Acc:
   unit: " m/s^2"
   avg-axis:
      acc_n: 2.0558110444478399e-02
      acc_w: 3.8550325711409205e-04
   x-axis:
      acc_n: 2.0259191796012588e-02
      acc_w: 4.2045543374542204e-04
   y-axis:
      acc_n: 2.1399993219216693e-02
      acc_w: 3.8317266738219468e-04
   z-axis:
      acc_n: 2.0015146318205921e-02
      acc_w: 3.5288167021465936e-04
